1723.55	46229.3
1722.57	47005.9
1721.59	47159.5
1720.61	47011.8
1719.63	46986.6
1718.65	47247.4
1717.67	47666.2
1716.69	47794
1715.71	47725.4
1714.73	48368.2
1713.75	47914.5
1712.77	48332.8
1711.79	48388.9
1710.81	48661.7
1709.83	48664.2
1708.85	49076.9
1707.86	48786.5
1706.88	49535
1705.9	49850.5
1704.92	49898.6
1703.93	50246.9
1702.95	50701.9
1701.97	51075.4
1700.99	51161.3
1700	51471
1699.02	51971.1
1698.04	51876.4
1697.05	52391.4
1696.07	52789.5
1695.08	53862.8
1694.1	53981
1693.11	54205.8
1692.13	55331.5
1691.14	56086.2
1690.16	56155.7
1689.17	56767.9
1688.19	57752.6
1687.2	59129.9
1686.21	60212.6
1685.23	61152.9
1684.24	62541.2
1683.25	64212.7
1682.27	65726.4
1681.28	67399.1
1680.29	69792.5
1679.3	72286.2
1678.32	75069.8
1677.33	78153.4
1676.34	81807.3
1675.35	85414.1
1674.36	89143.4
1673.37	93313.4
1672.38	97153.2
1671.39	100716
1670.4	104383
1669.41	107329
1668.42	109456
1667.43	111215
1666.44	110564
1665.45	110495
1664.46	109054
1663.47	108406
1662.48	106542
1661.49	105460
1660.5	105030
1659.51	104459
1658.51	105301
1657.52	105408
1656.53	106446
1655.54	108439
1654.54	109320
1653.55	110183
1652.56	110198
1651.56	109337
1650.57	107684
1649.57	105247
1648.58	101654
1647.59	98794
1646.59	95231.7
1645.6	91889.4
1644.6	88576.2
1643.61	85450.3
1642.61	83315.2
1641.62	80786.8
1640.62	78764
1639.62	76541.3
1638.63	74643.2
1637.63	73064.5
1636.63	71694.7
1635.64	69999.5
1634.64	68487.9
1633.64	67957.2
1632.65	66329
1631.65	65405.5
1630.65	64958.4
1629.65	63669.9
1628.65	63316
1627.66	62291.3
1626.66	61832.7
1625.66	61271.7
1624.66	60693.4
1623.66	60633.2
1622.66	60145.3
1621.66	60120.2
1620.66	59605.1
1619.66	59302.7
1618.66	59337.8
1617.66	59153
1616.66	58641
1615.66	58541.3
1614.66	57772.5
1613.65	58129.9
1612.65	58125.2
1611.65	57746.2
1610.65	57776.5
1609.65	57684.6
1608.64	57914.4
1607.64	57595.6
1606.64	57616
1605.63	57621.4
1604.63	57669.1
1603.63	57405.4
1602.62	57550.3
1601.62	57097.5
1600.62	56809.2
1599.61	57454.4
1598.61	57208.4
1597.6	57121.8
1596.6	56716.8
1595.59	57078
1594.59	57240.1
1593.58	57108.7
1592.57	56835.8
1591.57	56493.4
1590.56	56963.5
1589.56	57167.7
1588.55	56880.1
1587.54	57096.5
1586.53	57139.2
1585.53	56491.9
1584.52	56949
1583.51	56664.2
1582.5	56555.5
1581.5	56843.7
1580.49	56492.2
1579.48	56507.6
1578.47	56627.1
1577.46	56872.9
1576.45	56903
1575.44	56953
1574.43	56738
1573.42	56934.1
1572.41	57023.6
1571.4	56746.8
1570.39	57247
1569.38	56859.1
1568.37	56518.2
1567.36	56842.6
1566.35	57060.6
1565.34	57026.3
1564.32	56960
1563.31	57145.7
1562.3	57104
1561.29	56778.4
1560.27	56914.6
1559.26	57139.6
1558.25	56903.1
1557.24	57063.8
1556.22	57150.5
1555.21	57037.4
1554.19	57084.6
1553.18	56922.2
1552.17	57151.8
1551.15	57196.4
1550.14	57440.6
1549.12	57406.4
1548.11	57374.6
1547.09	57291.1
1546.08	57234.8
1545.06	57097.2
1544.04	57223
1543.03	57245.4
1542.01	57622
1540.99	57681.1
1539.98	57772.3
1538.96	57226.8
1537.94	57524.3
1536.92	57573.7
1535.91	57635.2
1534.89	57443.8
1533.87	57630.6
1532.85	57768.2
1531.83	57758.5
1530.81	57518.2
1529.8	57785.7
1528.78	58219.9
1527.76	58193
1526.74	58227.3
1525.72	58234.6
1524.7	58354.7
1523.68	58114.5
1522.66	58700
1521.64	58988.9
1520.61	58420.6
1519.59	58623.7
1518.57	58679.9
1517.55	58508.5
1516.53	58699.2
1515.51	58696.6
1514.48	58654.9
1513.46	58696.3
1512.44	58600.8
1511.42	58627.6
1510.39	59194.3
1509.37	58947.3
1508.35	59645.6
1507.32	59425.5
1506.3	59964.7
1505.27	59903.2
1504.25	60639.7
1503.22	61053.9
1502.2	61558.2
1501.17	62613.3
1500.15	64094.8
1499.12	66750.6
1498.1	69081.1
1497.07	71527.6
1496.05	71792.7
1495.02	70138.3
1493.99	67590.9
1492.97	65285.6
1491.94	63867.3
1490.91	62627.2
1489.88	62385.3
1488.86	62812.4
1487.83	63305
1486.8	63717.2
1485.77	64486.5
1484.74	64358.6
1483.71	63599
1482.69	62805.7
1481.66	61692
1480.63	61006.3
1479.6	61078.4
1478.57	60529
1477.54	60528.3
1476.51	60238.9
1475.48	60454.2
1474.45	60264.3
1473.41	60530.4
1472.38	60396.4
1471.35	60536.3
1470.32	60450.8
1469.29	60440.4
1468.26	60604.4
1467.22	60092.7
1466.19	60719.2
1465.16	60883.1
1464.13	61066.2
1463.09	61167
1462.06	61246
1461.03	61482.1
1459.99	61582.7
1458.96	61473
1457.92	61430.9
1456.89	61425.2
1455.85	61574
1454.82	61850.8
1453.78	61748.4
1452.75	61885
1451.71	62301.6
1450.68	62215.9
1449.64	62323.4
1448.61	62230.5
1447.57	62299.3
1446.53	61929.2
1445.5	62803.3
1444.46	62406.7
1443.42	62501.9
1442.38	62544.1
1441.35	62338
1440.31	62124.9
1439.27	62181.5
1438.23	62334.4
1437.19	62460.8
1436.15	62016.8
1435.11	61914.6
1434.08	62300.7
1433.04	62066.2
1432	61723.6
1430.96	61842.7
1429.92	62170.8
1428.88	61708.3
1427.84	61870.5
1426.79	61689.2
1425.75	61577.6
1424.71	61372.5
1423.67	61693.1
1422.63	61264.8
1421.59	61542
1420.54	61761.6
1419.5	61674.1
1418.46	61725.7
1417.42	61640.7
1416.37	61785.7
1415.33	61614.4
1414.29	61512.6
1413.24	61394.1
1412.2	61383.4
1411.15	62000
1410.11	61417.1
1409.07	61585.9
1408.02	61663.7
1406.98	61997.4
1405.93	61730.7
1404.88	61806
1403.84	61764.1
1402.79	62102.3
1401.75	62189.4
1400.7	61925.3
1399.65	62014.8
1398.61	62211.7
1397.56	62463.4
1396.51	62139.7
1395.46	62758.9
1394.42	62308.9
1393.37	62290.8
1392.32	62780.7
1391.27	62888.9
1390.22	63228.3
1389.18	62757.2
1388.13	63017.8
1387.08	63476.1
1386.03	63079
1384.98	63165.5
1383.93	63147.3
1382.88	63814.6
1381.83	63800.9
1380.78	63635
1379.72	63944.9
1378.67	64126.2
1377.62	64103
1376.57	64296.1
1375.52	64862.3
1374.47	65951
1373.41	66469.1
1372.36	67008.3
1371.31	67998.5
1370.26	68268.9
1369.2	67789
1368.15	67712.8
1367.1	67617.6
1366.04	66827.4
1364.99	66692.1
1363.93	66744.2
1362.88	66490.4
1361.83	66528.3
1360.77	67002.2
1359.71	66731.9
1358.66	66577.9
1357.6	66786.2
1356.55	66080.5
1355.49	66572.9
1354.44	66123.1
1353.38	65898.4
1352.32	65995.4
1351.27	66442.4
1350.21	66447.1
1349.15	66681
1348.09	66723.5
1347.03	66886.4
1345.98	67443.7
1344.92	67939.5
1343.86	67870.5
1342.8	68772.1
1341.74	68924.9
1340.68	69389.2
1339.62	69317.6
1338.56	69635.3
1337.5	69629.8
1336.44	70202
1335.38	70351.9
1334.32	70923.7
1333.26	71167.6
1332.2	72031.1
1331.14	72427.8
1330.08	73335.4
1329.02	74894.8
1327.95	76382.8
1326.89	78336.3
1325.83	80234.7
1324.77	82657
1323.7	85569.7
1322.64	89356
1321.58	92677.4
1320.51	95837.6
1319.45	98176.3
1318.39	97971.9
1317.32	96614.2
1316.26	93528.6
1315.19	90897.6
1314.13	87460.1
1313.06	84880.8
1312	83053.4
1310.93	80544.1
1309.86	80296.8
1308.8	79015.6
1307.73	77875.6
1306.67	76836.8
1305.6	75983.7
1304.53	75018.4
1303.46	74311.2
1302.4	74243.6
1301.33	74281.4
1300.26	75215.7
1299.19	76645.8
1298.12	77499.6
1297.06	77845.5
1295.99	79166.4
1294.92	79584.2
1293.85	79038.6
1292.78	77951.1
1291.71	76604.6
1290.64	75106.8
1289.57	74422.5
1288.5	73586.7
1287.43	72331
1286.36	71559
1285.28	70661.4
1284.21	70968
1283.14	70686.7
1282.07	70725.1
1281	70021.9
1279.92	70435.6
1278.85	70198.9
1277.78	70698.7
1276.71	70499.3
1275.63	70919.6
1274.56	70757.5
1273.49	71293.9
1272.41	71816.1
1271.34	72114.7
1270.26	72871.5
1269.19	73432.6
1268.11	74402.7
1267.04	75230.6
1265.96	77215.8
1264.89	79183.8
1263.81	80872.2
1262.73	83651.7
1261.66	86562.3
1260.58	89655.2
1259.5	92737.4
1258.43	95549
1257.35	97015.7
1256.27	98593.2
1255.2	98033.6
1254.12	96490.9
1253.04	93910.2
1251.96	90869.3
1250.88	87523.8
1249.8	84835.4
1248.72	82523.5
1247.64	81025.6
1246.56	79116.1
1245.48	77529.3
1244.4	76417.6
1243.32	74924.6
1242.24	73631.2
1241.16	71938.1
1240.08	70826.3
1239	69606.3
1237.92	68925.4
1236.84	68344.2
1235.76	68047.4
1234.67	67850
1233.59	67835.2
1232.51	67185.4
1231.42	67445.5
1230.34	67684.6
1229.26	68020.6
1228.17	68229.5
1227.09	68620.6
1226.01	68720.9
1224.92	69007.9
1223.84	68665.5
1222.75	68346.3
1221.67	68287.6
1220.58	68228.9
1219.5	67778.7
1218.41	67881.3
1217.32	67263.4
1216.24	67660.6
1215.15	68094.5
1214.07	67812.7
1212.98	67742.7
1211.89	67350.8
1210.8	67694.7
1209.72	67466.1
1208.63	68115.4
1207.54	67767.4
1206.45	67486.1
1205.36	68157.9
1204.27	68094.8
1203.18	68084.4
1202.1	69324.8
1201.01	69660.7
1199.92	70175.3
1198.83	70384.7
1197.74	70252.3
1196.65	69558.3
1195.55	69494.9
1194.46	68739.6
1193.37	68009.7
1192.28	67777.2
1191.19	67384.5
1190.1	67019.4
1189	66663.7
1187.91	66674.2
1186.82	65826.7
1185.73	65853.5
1184.63	65271.8
1183.54	65630.2
1182.45	65302.6
1181.35	65002.6
1180.26	65054.5
1179.16	65156.7
1178.07	65284
1176.97	64956.8
1175.88	65122.9
1174.78	64697.7
1173.69	64767.9
1172.59	64712.6
1171.5	64689.2
1170.4	64791.3
1169.3	64758.7
1168.21	65159.3
1167.11	65459.4
1166.01	65324.3
1164.91	64817.9
1163.82	64783.1
1162.72	64777.9
1161.62	65232.5
1160.52	65354.7
1159.42	65347.1
1158.32	64893.7
1157.22	65357
1156.13	65717.7
1155.03	65939.6
1153.93	65731.9
1152.83	65708.3
1151.72	66227.7
1150.62	66733.2
1149.52	66961.4
1148.42	67452.9
1147.32	67919.2
1146.22	68539.6
1145.12	69463.7
1144.02	70076.7
1142.91	71628.2
1141.81	72723.4
1140.71	74400.6
1139.6	76743.3
1138.5	79001.2
1137.4	82381.6
1136.29	86150.1
1135.19	90723
1134.08	96072.6
1132.98	100752
1131.88	105706
1130.77	108811
1129.66	110230
1128.56	111040
1127.45	109743
1126.35	109020
1125.24	107274
1124.13	105135
1123.03	102322
1121.92	99463.3
1120.81	96467.7
1119.71	93211.7
1118.6	90302.3
1117.49	88348.6
1116.38	87047.8
1115.27	86225.6
1114.16	87067.7
1113.06	87979.4
1111.95	87752.5
1110.84	85964.2
1109.73	83341
1108.62	81304.4
1107.51	78906.2
1106.4	76709.5
1105.29	75351
1104.17	74355.4
1103.06	73825.9
1101.95	72774.8
1100.84	72425.8
1099.73	71885.8
1098.62	71534.9
1097.5	71152.7
1096.39	70480.8
1095.28	70218
1094.16	70395.5
1093.05	69832
1091.94	69381
1090.82	69396.9
1089.71	69460
1088.59	68984.7
1087.48	68648.6
1086.37	69187.1
1085.25	68976.7
1084.13	68504.1
1083.02	68641.2
1081.9	68325.7
1080.79	68104.4
1079.67	68344.4
1078.55	68461.3
1077.44	68696.7
1076.32	68732.8
1075.2	68692.9
1074.08	68995.2
1072.97	69500.8
1071.85	69147.7
1070.73	69416.1
1069.61	70187.2
1068.49	71398.2
1067.37	72427.6
1066.25	73128.3
1065.13	73837.6
1064.01	74658.2
1062.89	74110.3
1061.77	72714.8
1060.65	71192.8
1059.53	69814.2
1058.41	69022.6
1057.29	68146.6
1056.17	67683.4
1055.05	67525.6
1053.92	67109.5
1052.8	67259.3
1051.68	67224.2
1050.56	67683.3
1049.43	68120
1048.31	68665.5
1047.18	69213
1046.06	69444.4
1044.94	70313.9
1043.81	69971.3
1042.69	70146.7
1041.56	70464.3
1040.44	70988.4
1039.31	72309.7
1038.19	72206.9
1037.06	72501.5
1035.93	72147.8
1034.81	72739.7
1033.68	73355.7
1032.55	74228.8
1031.43	74711.1
1030.3	74909.4
1029.17	75282.8
1028.04	75735.7
1026.91	76509.7
1025.79	77666.6
1024.66	78116.5
1023.53	77053.8
1022.4	74322.3
1021.27	71485.8
1020.14	69584.4
1019.01	68571
1017.88	68038
1016.75	67330.5
1015.62	67109.8
1014.49	66758.7
1013.36	66460.8
1012.22	66596
1011.09	66662.8
1009.96	66504.2
1008.83	66844.7
1007.7	66465.4
1006.56	66311.4
1005.43	66219.2
1004.3	66583.7
1003.16	66685.6
1002.03	66723.4
1000.89	66551.9
999.76	67244.3
998.626	67398.8
997.491	68095.1
996.356	68738.2
995.22	69138.9
994.085	69217.9
992.949	69085.7
991.813	69059
990.676	69600
989.54	68964.1
988.403	68864.9
987.265	68691.1
986.128	68271.1
984.99	67888.7
983.852	67726.2
982.714	67372.6
981.576	67333.2
980.437	67287.3
979.298	67311.5
978.159	67706.7
977.019	67695.7
975.879	67279
974.739	67195.8
973.599	67294.6
972.458	67577.5
971.318	67682.7
970.177	67294.9
969.035	67476.8
967.894	67603.8
966.752	67422.1
965.61	67617
964.467	67844.6
963.325	67851.1
962.182	68006.3
961.039	67853.1
959.895	67638.7
958.752	68202.7
957.608	68152.2
956.464	68134.6
955.319	67734.6
954.175	68075.3
953.03	68193
951.884	68395.8
950.739	68242.8
949.593	68526.2
948.447	67812.6
947.301	68157
946.154	67999.8
945.008	67796.9
943.861	68095.3
942.713	68005.7
941.566	67931.4
940.418	67687.3
939.27	68207.6
938.122	68494.7
936.973	68346.3
935.824	68174.1
934.675	68358.7
933.526	68049.5
932.376	68086.2
931.226	68296.8
930.076	68270.4
928.925	68296.1
927.775	68091.6
926.624	68380.2
925.473	68258.2
924.321	68392.4
923.169	68439.8
922.017	68398.1
920.865	68807.8
919.713	68252
918.56	68661.5
917.407	68986.2
916.253	68812.2
915.1	68356.6
913.946	68765.7
912.792	69077.1
911.638	68736.4
910.483	69171.1
909.328	69324.2
908.173	68964.2
907.017	69128
905.862	69069
904.706	69440.3
903.55	69288.3
902.393	69547
901.236	68986.4
900.079	69370.4
898.922	69533.8
897.764	69546
896.607	69523.6
895.449	69114.8
894.29	69263
893.132	69400.4
891.973	69332.7
890.814	69482.9
889.654	69822.8
888.495	69839.2
887.335	70010.7
886.174	69943
885.014	69847.2
883.853	70371.8
882.692	70241.6
881.531	70561.3
880.369	71156.4
879.208	71310.1
878.046	71648.7
876.883	72438.9
875.721	73635.1
874.558	75047.9
873.395	76204.2
872.231	76657.3
871.068	76781.6
869.904	76332.2
868.74	75125
867.575	74231.8
866.41	73030
865.245	72204.2
864.08	71048.4
862.915	70710.3
861.749	70625.5
860.583	70480.6
859.416	70348.7
858.25	70071
857.083	69999.2
855.916	70190.9
854.748	70005.6
853.581	70013.1
852.413	70089
851.245	69865.3
850.076	69979.8
848.907	70464.2
847.738	70291.9
846.569	70209.4
845.399	70216.8
844.23	70512.6
843.06	70549.8
841.889	70828.3
840.719	70762.9
839.548	70686.8
838.376	70393.1
837.205	70547.6
836.033	71137.3
834.861	71174.2
833.689	71275.1
832.517	71778.9
831.344	72570.3
830.171	72545
828.997	73372
827.824	75251
826.65	76839.4
825.476	80271
824.301	85406.1
823.127	92132.9
821.952	98616.1
820.776	101078
819.601	96475.7
818.425	89326.2
817.249	82894.3
816.073	78348.3
814.896	75334.3
813.719	74050.8
812.542	73148.1
811.365	72368.9
810.187	71736.6
809.009	71707.2
807.831	71497.6
806.652	70706.8
805.474	70908.9
804.295	70699.5
803.115	70441.5
801.936	70056.4
800.756	70097.5
799.576	70401.1
798.395	69999.4
797.215	69682.5
796.034	69679.1
794.852	69643.9
793.671	69380.2
792.489	69408.6
791.307	69075.3
790.125	69444.1
788.942	69633.1
787.759	68851.9
786.576	69442.3
785.393	69048.1
784.209	68937.1
783.025	69060.5
781.841	68881.9
780.656	68927.1
779.472	68755
778.287	68528.1
777.101	68524.9
775.916	68125.2
774.73	68467.8
773.544	68298.1
772.357	68474
771.17	68142.1
769.983	68288.5
768.796	68331.6
767.609	68237.8
766.421	68137.8
765.233	68107.2
764.044	68040.9
762.856	68340.6
761.667	68089.2
760.478	68048.2
759.288	67887.4
758.098	68268.7
756.908	68347.4
755.718	68314.7
754.528	67986
753.337	68142.3
752.146	68067.7
750.954	68234.4
749.762	68466.1
748.571	67904.9
747.378	68092.5
746.186	68372.2
744.993	68482.1
743.8	68348.8
742.607	68806.4
741.413	67956.8
740.219	68112.7
739.025	68197.3
737.83	68166.8
736.636	67874.7
735.441	67101.6
734.245	67801.2
733.05	67220.9
731.854	67307.6
730.658	67747.6
729.461	67683.8
728.265	67668
727.068	67614.6
725.87	67774.3
724.673	67958.9
723.475	68527.4
722.277	68839.1
721.079	69390.5
719.88	69922.8
718.681	70392.4
717.482	71168.1
716.282	72204.1
715.083	72877
713.883	73951.6
712.682	73932.2
711.482	74518.8
710.281	74187.1
709.08	74161.5
707.878	73950.6
706.676	73517.3
705.474	72649.5
704.272	71865.2
703.07	71792.3
701.867	71106.3
700.664	70973.3
699.46	71108.4
698.257	71239.2
697.053	71307.7
695.848	70724.3
694.644	70819.9
693.439	70550.2
692.234	69562.8
691.028	68911.9
689.823	67572.8
688.617	66692.6
687.411	66521.5
686.204	65838.8
684.997	65189.4
683.79	65027.1
682.583	64678.6
681.375	64218.3
680.167	63888.7
678.959	63087.5
677.751	63163.7
676.542	63215.1
675.333	62826.1
674.124	62319.4
672.914	62600.3
671.704	62341.8
670.494	61854.2
669.283	61705.4
668.073	61492.8
666.862	61492.8
665.65	61069.7
664.439	61338.1
663.227	61237.1
662.015	60946.4
660.802	60606.3
659.589	60623
658.376	60332.7
657.163	60240.2
655.949	60061.3
654.736	59944.2
653.521	59749
652.307	59881.1
651.092	59830
649.877	59779
648.662	59573.6
647.446	59890.8
646.23	59726.6
645.014	59724.9
643.798	59733.5
642.581	59727.7
641.364	60186.2
640.147	60402.1
638.929	60829.3
637.711	61373.4
636.493	62257.9
635.275	64096
634.056	67112.8
632.837	71567.9
631.618	77915.3
630.398	84009.7
629.178	87316.2
627.958	85353.3
626.738	79853.7
625.517	73494.5
624.296	68639.1
623.075	65388.7
621.853	63030.1
620.631	60721.7
619.409	59868.8
618.186	58689
616.964	58231.5
615.741	58003.2
614.517	57740.2
