1723.55	408976
1722.57	414023
1721.59	415058
1720.61	418030
1719.63	417935
1718.65	416510
1717.67	418753
1716.69	417620
1715.71	419099
1714.73	420047
1713.75	420673
1712.77	420047
1711.79	421728
1710.81	421854
1709.83	422388
1708.85	421752
1707.86	423446
1706.88	423635
1705.9	425092
1704.92	425543
1703.93	426645
1702.95	426729
1701.97	426746
1700.99	427984
1700	429070
1699.02	428784
1698.04	428733
1697.05	430623
1696.07	431739
1695.08	431949
1694.1	433263
1693.11	433149
1692.13	434769
1691.14	435886
1690.16	435159
1689.17	435332
1688.19	436369
1687.2	437933
1686.21	437594
1685.23	438427
1684.24	439587
1683.25	439154
1682.27	440526
1681.28	437892
1680.29	441476
1679.3	440346
1678.32	441567
1677.33	440906
1676.34	442534
1675.35	444113
1674.36	444566
1673.37	442868
1672.38	445761
1671.39	445678
1670.4	445731
1669.41	446540
1668.42	447318
1667.43	446946
1666.44	446772
1665.45	447088
1664.46	447822
1663.47	449133
1662.48	448856
1661.49	449367
1660.5	450831
1659.51	450863
1658.51	451000
1657.52	450082
1656.53	450792
1655.54	453735
1654.54	452812
1653.55	450567
1652.56	450556
1651.56	454020
1650.57	451558
1649.57	453792
1648.58	453693
1647.59	452409
1646.59	453609
1645.6	454398
1644.6	455454
1643.61	455912
1642.61	455982
1641.62	455631
1640.62	455859
1639.62	456238
1638.63	457104
1637.63	457736
1636.63	458142
1635.64	456082
1634.64	456268
1633.64	459592
1632.65	457711
1631.65	457006
1630.65	458559
1629.65	459380
1628.65	459309
1627.66	459766
1626.66	459633
1625.66	460815
1624.66	462315
1623.66	462969
1622.66	465226
1621.66	467346
1620.66	472376
1619.66	476619
1618.66	480625
1617.66	482418
1616.66	481373
1615.66	478283
1614.66	475456
1613.65	474875
1612.65	471670
1611.65	470087
1610.65	469006
1609.65	469533
1608.64	469238
1607.64	469494
1606.64	469869
1605.63	469828
1604.63	470918
1603.63	469883
1602.62	470310
1601.62	471292
1600.62	470305
1599.61	471784
1598.61	471986
1597.6	473201
1596.6	472207
1595.59	472871
1594.59	473180
1593.58	473008
1592.57	473660
1591.57	473327
1590.56	475205
1589.56	473973
1588.55	476826
1587.54	477389
1586.53	477297
1585.53	479098
1584.52	478578
1583.51	479095
1582.5	479528
1581.5	483095
1580.49	484855
1579.48	485807
1578.47	489261
1577.46	491572
1576.45	493792
1575.44	495900
1574.43	496531
1573.42	495618
1572.41	493256
1571.4	491629
1570.39	491023
1569.38	490030
1568.37	488797
1567.36	486978
1566.35	489983
1565.34	491420
1564.32	492340
1563.31	495779
1562.3	500009
1561.29	508944
1560.27	518836
1559.26	530229
1558.25	540161
1557.24	545932
1556.22	546715
1555.21	540397
1554.19	532608
1553.18	523432
1552.17	518563
1551.15	513109
1550.14	506897
1549.12	503175
1548.11	500978
1547.09	498684
1546.08	495980
1545.06	494367
1544.04	495200
1543.03	493254
1542.01	493435
1540.99	493467
1539.98	493299
1538.96	492347
1537.94	492153
1536.92	493383
1535.91	492830
1534.89	493313
1533.87	494248
1532.85	491343
1531.83	493063
1530.81	493060
1529.8	492828
1528.78	493154
1527.76	492903
1526.74	494890
1525.72	495252
1524.7	495133
1523.68	496097
1522.66	496129
1521.64	496872
1520.61	496532
1519.59	496780
1518.57	497890
1517.55	500168
1516.53	500197
1515.51	498563
1514.48	499419
1513.46	499433
1512.44	498666
1511.42	499247
1510.39	500882
1509.37	500554
1508.35	502309
1507.32	501988
1506.3	502420
1505.27	502821
1504.25	502986
1503.22	501716
1502.2	502747
1501.17	503199
1500.15	504105
1499.12	504033
1498.1	503095
1497.07	503829
1496.05	504739
1495.02	506362
1493.99	506440
1492.97	506170
1491.94	508400
1490.91	512300
1489.88	515207
1488.86	516572
1487.83	518856
1486.8	516570
1485.77	516028
1484.74	513846
1483.71	511912
1482.69	510489
1481.66	508992
1480.63	508515
1479.6	509296
1478.57	507812
1477.54	510209
1476.51	508226
1475.48	509181
1474.45	510264
1473.41	508839
1472.38	509291
1471.35	510243
1470.32	510445
1469.29	509886
1468.26	512402
1467.22	511712
1466.19	513112
1465.16	513081
1464.13	514378
1463.09	513974
1462.06	516146
1461.03	519329
1459.99	521659
1458.96	527552
1457.92	534919
1456.89	542285
1455.85	545958
1454.82	541842
1453.78	535042
1452.75	529525
1451.71	526822
1450.68	524106
1449.64	524359
1448.61	524108
1447.57	524004
1446.53	524551
1445.5	523591
1444.46	524290
1443.42	525072
1442.38	525501
1441.35	524662
1440.31	524940
1439.27	526721
1438.23	526422
1437.19	529208
1436.15	531658
1435.11	534014
1434.08	536994
1433.04	541006
1432	543777
1430.96	552570
1429.92	560919
1428.88	571608
1427.84	583131
1426.79	591557
1425.75	591412
1424.71	584230
1423.67	575484
1422.63	563910
1421.59	553331
1420.54	546482
1419.5	541020
1418.46	536340
1417.42	534514
1416.37	531684
1415.33	531358
1414.29	529630
1413.24	528861
1412.2	531049
1411.15	530046
1410.11	530610
1409.07	533046
1408.02	533937
1406.98	535727
1405.93	538110
1404.88	538100
1403.84	536989
1402.79	535629
1401.75	533001
1400.7	530550
1399.65	529286
1398.61	529471
1397.56	529456
1396.51	528954
1395.46	532037
1394.42	530630
1393.37	530142
1392.32	531069
1391.27	532744
1390.22	530997
1389.18	530855
1388.13	532455
1387.08	533549
1386.03	532372
1384.98	533544
1383.93	534411
1382.88	532945
1381.83	534090
1380.78	535446
1379.72	536373
1378.67	536449
1377.62	535951
1376.57	536733
1375.52	534990
1374.47	537736
1373.41	539793
1372.36	541846
1371.31	541887
1370.26	544442
1369.2	545839
1368.15	550379
1367.1	553723
1366.04	561309
1364.99	568874
1363.93	581191
1362.88	593440
1361.83	601696
1360.77	604577
1359.71	597756
1358.66	587933
1357.6	579300
1356.55	570368
1355.49	565222
1354.44	562038
1353.38	556613
1352.32	553631
1351.27	553708
1350.21	551705
1349.15	553421
1348.09	552791
1347.03	552847
1345.98	555566
1344.92	555726
1343.86	555375
1342.8	560759
1341.74	563155
1340.68	564884
1339.62	570435
1338.56	573533
1337.5	574027
1336.44	575939
1335.38	576166
1334.32	576466
1333.26	574365
1332.2	569501
1331.14	566274
1330.08	562655
1329.02	559934
1327.95	557860
1326.89	554212
1325.83	552210
1324.77	551016
1323.7	548395
1322.64	549045
1321.58	547761
1320.51	547551
1319.45	547579
1318.39	545724
1317.32	545055
1316.26	544583
1315.19	545329
1314.13	545885
1313.06	546300
1312	546813
1310.93	547866
1309.86	549870
1308.8	550176
1307.73	550913
1306.67	553677
1305.6	554122
1304.53	554649
1303.46	552707
1302.4	553351
1301.33	550826
1300.26	550719
1299.19	550995
1298.12	549716
1297.06	549035
1295.99	549754
1294.92	551905
1293.85	549184
1292.78	551987
1291.71	550573
1290.64	552848
1289.57	552915
1288.5	553181
1287.43	552148
1286.36	552339
1285.28	551641
1284.21	552000
1283.14	552976
1282.07	552313
1281	550554
1279.92	551381
1278.85	550868
1277.78	553722
1276.71	552218
1275.63	553626
1274.56	553569
1273.49	552452
1272.41	554311
1271.34	555373
1270.26	554240
1269.19	554055
1268.11	553860
1267.04	553428
1265.96	553863
1264.89	554152
1263.81	554064
1262.73	554030
1261.66	555914
1260.58	555517
1259.5	555981
1258.43	557858
1257.35	561019
1256.27	566845
1255.2	570092
1254.12	576033
1253.04	576668
1251.96	572055
1250.88	567392
1249.8	563246
1248.72	562306
1247.64	561405
1246.56	562086
1245.48	563010
1244.4	565510
1243.32	566889
1242.24	570832
1241.16	572512
1240.08	572107
1239	569897
1237.92	567834
1236.84	565704
1235.76	562750
1234.67	562537
1233.59	561666
1232.51	561056
1231.42	561811
1230.34	560592
1229.26	560267
1228.17	561856
1227.09	561094
1226.01	561343
1224.92	561788
1223.84	561340
1222.75	563353
1221.67	563306
1220.58	563107
1219.5	564866
1218.41	565069
1217.32	565072
1216.24	566385
1215.15	566696
1214.07	566233
1212.98	566397
1211.89	564385
1210.8	566701
1209.72	568523
1208.63	566910
1207.54	568927
1206.45	568366
1205.36	569991
1204.27	570112
1203.18	568924
1202.1	569263
1201.01	568253
1199.92	567617
1198.83	569045
1197.74	570176
1196.65	570320
1195.55	571478
1194.46	575234
1193.37	577724
1192.28	581647
1191.19	584658
1190.1	586758
1189	586292
1187.91	584205
1186.82	580976
1185.73	577093
1184.63	573520
1183.54	570670
1182.45	569690
1181.35	568383
1180.26	566209
1179.16	567462
1178.07	566001
1176.97	566890
1175.88	565094
1174.78	564178
1173.69	564351
1172.59	567110
1171.5	565952
1170.4	566288
1169.3	566710
1168.21	565282
1167.11	565843
1166.01	564269
1164.91	565393
1163.82	565688
1162.72	566264
1161.62	566711
1160.52	567630
1159.42	567733
1158.32	564295
1157.22	566231
1156.13	566805
1155.03	566898
1153.93	567252
1152.83	568208
1151.72	568871
1150.62	568382
1149.52	570051
1148.42	568099
1147.32	568530
1146.22	567481
1145.12	570323
1144.02	569743
1142.91	569418
1141.81	570376
1140.71	571786
1139.6	572580
1138.5	570029
1137.4	571425
1136.29	572114
1135.19	574517
1134.08	574727
1132.98	574930
1131.88	574864
1130.77	577666
1129.66	580254
1128.56	583292
1127.45	586113
1126.35	588361
1125.24	586944
1124.13	584957
1123.03	582901
1121.92	580073
1120.81	577425
1119.71	576852
1118.6	575794
1117.49	576636
1116.38	575721
1115.27	575242
1114.16	575024
1113.06	574308
1111.95	575431
1110.84	576621
1109.73	576809
1108.62	577246
1107.51	576897
1106.4	577025
1105.29	577484
1104.17	577916
1103.06	579635
1101.95	578215
1100.84	577180
1099.73	577288
1098.62	575649
1097.5	576615
1096.39	576945
1095.28	575905
1094.16	575345
1093.05	573812
1091.94	574512
1090.82	574667
1089.71	575703
1088.59	573689
1087.48	573245
1086.37	574534
1085.25	574453
1084.13	575627
1083.02	574829
1081.9	574967
1080.79	574583
1079.67	574639
1078.55	575010
1077.44	574955
1076.32	575883
1075.2	576397
1074.08	577161
1072.97	578364
1071.85	579858
1070.73	582755
1069.61	585066
1068.49	589508
1067.37	592138
1066.25	594632
1065.13	594577
1064.01	590397
1062.89	587915
1061.77	585782
1060.65	582949
1059.53	584683
1058.41	583823
1057.29	583962
1056.17	584213
1055.05	585653
1053.92	583791
1052.8	586237
1051.68	585173
1050.56	587050
1049.43	588645
1048.31	589290
1047.18	588824
1046.06	588505
1044.94	589212
1043.81	588133
1042.69	588859
1041.56	589893
1040.44	587799
1039.31	589620
1038.19	589809
1037.06	588478
1035.93	589780
1034.81	587335
1033.68	588530
1032.55	587996
1031.43	588718
1030.3	589641
1029.17	589706
1028.04	589607
1026.91	589397
1025.79	590170
1024.66	590033
1023.53	589203
1022.4	589340
1021.27	590354
1020.14	588546
1019.01	590487
1017.88	590684
1016.75	590204
1015.62	593093
1014.49	593627
1013.36	598019
1012.22	605557
1011.09	625618
1009.96	655473
1008.83	683100
1007.7	680668
1006.56	654368
1005.43	627731
1004.3	609605
1003.16	602190
1002.03	601827
1000.89	597371
999.76	595903
998.626	595801
997.491	595920
996.356	594548
995.22	595946
994.085	595493
992.949	593589
991.813	596022
990.676	596253
989.54	596428
988.403	598066
987.265	597102
986.128	597154
984.99	598451
983.852	597855
982.714	598501
981.576	597479
980.437	599427
979.298	600521
978.159	600367
977.019	601510
975.879	602300
974.739	602433
973.599	602753
972.458	602847
971.318	602607
970.177	601857
969.035	603924
967.894	604348
966.752	604032
965.61	603282
964.467	605428
963.325	607179
962.182	608006
961.039	608078
959.895	608445
958.752	608477
957.608	610750
956.464	610404
955.319	609391
954.175	610349
953.03	607632
951.884	609762
950.739	608868
949.593	609138
948.447	609056
947.301	610591
946.154	608812
945.008	608567
943.861	610393
942.713	610051
941.566	609649
940.418	607716
939.27	608322
938.122	610430
936.973	609736
935.824	610953
934.675	613081
933.526	613133
932.376	613320
931.226	616237
930.076	616946
928.925	621491
927.775	624326
926.624	624066
925.473	621970
924.321	619844
923.169	620438
922.017	617886
920.865	616601
919.713	614749
918.56	616379
917.407	615126
916.253	616598
915.1	615918
913.946	616924
912.792	617651
911.638	617701
910.483	620154
909.328	623125
908.173	625578
907.017	627551
905.862	632571
904.706	634360
903.55	635283
902.393	634068
901.236	631308
900.079	628022
898.922	627066
897.764	626925
896.607	625007
895.449	622312
894.29	621747
893.132	622454
891.973	622284
890.814	622629
889.654	623107
888.495	624073
887.335	623697
886.174	624171
885.014	625510
883.853	626103
882.692	629076
881.531	633485
880.369	640487
879.208	653149
878.046	667140
876.883	676676
875.721	675197
874.558	662811
873.395	647474
872.231	637472
871.068	632196
869.904	628296
868.74	624723
867.575	626063
866.41	625009
865.245	625050
864.08	624096
862.915	623778
861.749	624163
860.583	624536
859.416	623694
858.25	623201
857.083	623827
855.916	624333
854.748	626491
853.581	626007
852.413	624598
851.245	627236
850.076	627304
848.907	628939
847.738	629579
846.569	633140
845.399	633578
844.23	634586
843.06	632904
841.889	630793
840.719	629951
839.548	626552
838.376	627541
837.205	626456
836.033	626570
834.861	626220
833.689	626210
832.517	627055
831.344	627987
830.171	625142
828.997	625124
827.824	627570
826.65	624812
825.476	625554
824.301	625746
823.127	626457
821.952	625691
820.776	626485
819.601	626659
818.425	624727
817.249	624795
816.073	625093
814.896	623882
813.719	623000
812.542	621708
811.365	622534
810.187	622497
809.009	620814
807.831	620857
806.652	620990
805.474	620322
804.295	622458
803.115	619160
801.936	619786
800.756	618532
799.576	617930
798.395	617280
797.215	617083
796.034	616972
794.852	615646
793.671	616220
792.489	616423
791.307	616310
790.125	618981
788.942	618580
787.759	618143
786.576	618617
785.393	618135
784.209	618195
783.025	615190
781.841	614265
780.656	612626
779.472	611431
778.287	610937
777.101	609950
775.916	609954
774.73	610752
773.544	608579
772.357	609002
771.17	608783
769.983	610845
768.796	612093
767.609	613191
766.421	616250
765.233	623821
764.044	640001
762.856	669306
761.667	706418
760.478	726873
759.288	714024
758.098	678626
756.908	648010
755.718	629692
754.528	622377
753.337	616434
752.146	613850
750.954	611697
749.762	608886
748.571	605424
747.378	603384
746.186	603923
744.993	602858
743.8	605100
742.607	608429
741.413	608796
740.219	605739
739.025	601669
737.83	599241
736.636	595894
735.441	594849
734.245	593494
733.05	592115
731.854	590610
730.658	589827
729.461	589771
728.265	589180
727.068	586864
725.87	585694
724.673	583837
723.475	584336
722.277	583801
721.079	580907
719.88	581247
718.681	580625
717.482	578435
716.282	576991
715.083	575327
713.883	574251
712.682	574125
711.482	572125
710.281	573980
709.08	572868
707.878	572174
706.676	570079
705.474	570154
704.272	568176
703.07	567543
701.867	569382
700.664	566078
699.46	564047
698.257	565338
697.053	563360
695.848	563459
694.644	563309
693.439	563190
692.234	562749
691.028	560956
689.823	559506
688.617	559796
687.411	560461
686.204	560029
684.997	560572
683.79	559366
682.583	561434
681.375	561841
680.167	562438
678.959	562900
677.751	563033
676.542	565129
675.333	564870
674.124	566352
672.914	562859
671.704	561269
670.494	557470
669.283	556698
668.073	553059
666.862	551472
665.65	550243
664.439	548251
663.227	547008
662.015	546550
660.802	544671
659.589	542758
658.376	541592
657.163	540419
655.949	538220
654.736	537132
653.521	535083
652.307	534372
651.092	534134
649.877	533005
648.662	533546
647.446	532080
646.23	530415
645.014	527090
643.798	528053
642.581	526458
641.364	525659
640.147	524008
638.929	522104
637.711	523135
636.493	522116
635.275	522326
634.056	521477
632.837	519351
631.618	520602
630.398	518340
629.178	517273
627.958	517006
626.738	516322
625.517	516321
624.296	515735
623.075	516295
621.853	515642
620.631	514870
619.409	513323
618.186	510548
616.964	510211
615.741	509302
614.517	507591
